1.000000000000000000e+06
1.122018000000000000e+06
1.258925000000000000e+06
1.412537000000000000e+06
1.584893000000000000e+06
1.778279000000000000e+06
1.995262000000000000e+06
2.238721000000000000e+06
2.511886000000000000e+06
2.818382000000000000e+06
3.162277000000000000e+06
3.548133000000000000e+06
3.981071000000000000e+06
4.466835000000000000e+06
5.011872000000000000e+06
5.623413000000000000e+06
6.309573000000000000e+06
7.079457000000000000e+06
7.943282000000000000e+06
8.912509000000000000e+06
9.999999000000000000e+06
1.122018400000000000e+07
1.258925400000000000e+07
1.412537500000000000e+07
1.584893100000000000e+07
1.778279400000000000e+07
1.995262300000000000e+07
2.238721100000000000e+07
2.511886400000000000e+07
2.818382900000000000e+07
3.162277600000000000e+07
3.548133800000000000e+07
3.981071700000000000e+07
4.466835900000000000e+07
5.011872300000000000e+07
5.623413200000000000e+07
6.309573400000000000e+07
7.079457800000000000e+07
7.943282300000000000e+07
8.912509300000000000e+07
9.999999900000000000e+07
1.122018450000000000e+08
1.258925410000000000e+08
1.412537540000000000e+08
1.584893190000000000e+08
1.778279410000000000e+08
1.995262310000000000e+08
2.238721130000000000e+08
2.511886430000000000e+08
2.818382930000000000e+08
