1.244745617730133036e+00
1.037579675275109858e+00
8.662727334513224964e-01
7.631441801598650709e-01
6.842803315493666272e-01
6.543643193331589725e-01
6.600211171371974661e-01
7.124106708763681128e-01
7.844531558501808277e-01
9.452759386457474378e-01
1.079838524496008034e+00
1.356331533335472850e+00
1.605684867332889620e+00
1.955909211998974717e+00
2.412797036901419112e+00
2.810921022578400486e+00
3.228620570737242179e+00
3.633667626419876839e+00
4.180494182792915403e+00
4.815376079581180413e+00
