9.060954435336665558e-01
9.636593755173648024e-01
8.757622020631075088e-01
8.945963206013992641e-01
9.103737791433061943e-01
9.101567540581725346e-01
8.945968828625217029e-01
8.945963634712910117e-01
8.945963133001888501e-01
8.757604317358298474e-01
8.945963479999130552e-01
9.024673789039141525e-01
1.004694454645954860e+00
9.077132438246017232e-01
9.302725657293698935e-01
8.850136701035495879e-01
8.965427393548880408e-01
8.846491529820104116e-01
8.363090071843566342e-01
8.387706321077696980e-01
8.215219962687265731e-01
8.399490961646419729e-01
8.350251371421715252e-01
8.547230174381152956e-01
8.958966632399841812e-01
8.855144278295158378e-01
9.393427499945098402e-01
9.045477718829456615e-01
1.022464767990438395e+00
8.694309035074132552e-01
8.705786471963469220e-01
9.110568605647645368e-01
9.511108535053083290e-01
8.769218652645680567e-01
8.331894065558458351e-01
8.375090381502789949e-01
8.447382433745146413e-01
8.471513082499366742e-01
8.606779513248172808e-01
8.712941197823302897e-01
8.821772077962867220e-01
8.815033868737327527e-01
8.813301624503913079e-01
8.868257272360449139e-01
9.167203379812081110e-01
8.962304034124388696e-01
9.034799054316651201e-01
9.101571890706501300e-01
8.945962950579207096e-01
8.757617705165111621e-01
