2.079256942715044243e+00
1.808159962397358544e+00
1.598543612119190938e+00
1.314913265747065907e+00
1.175598701115663891e+00
1.010579285102186198e+00
9.259711114830797563e-01
8.709480263097195696e-01
8.215219962687265731e-01
8.331894065558458351e-01
8.845316245404745148e-01
9.059685428655657180e-01
1.140430743173910688e+00
1.282503660278235813e+00
1.473893846621017634e+00
1.724521196934497791e+00
2.034531671776193651e+00
2.402716494666677693e+00
2.828177977151345335e+00
3.310776901250668036e+00
