6.697871050748200883e-01
6.665381677162751650e-01
6.667149531597078571e-01
6.669713242409662790e-01
6.739849361755072543e-01
6.687354044793194507e-01
6.667767011191124693e-01
6.741916878218702225e-01
6.702094492308293683e-01
6.667100167199071503e-01
6.670677581360882069e-01
6.667859271140448296e-01
6.751456872124019792e-01
6.793299098333337449e-01
6.739786580175017860e-01
2.102669015235851813e+00
3.038624751818254754e+00
3.076771554095116379e+00
2.776088287759783668e+00
2.846931830562509091e+00
2.857002068299449249e+00
2.442369285325994177e+00
3.144638147593366462e+00
4.305704514049681464e+00
3.223801418574168132e+00
3.340565125699144211e+00
3.934064547133163892e+00
3.674074762910873204e+00
3.519585508844400135e+00
3.775997326917384989e+00
3.812596482486840799e+00
3.529950457623254323e+00
3.783024209885812894e+00
3.880120974622735197e+00
6.543643193331589725e-01
6.553082653940756064e-01
6.616760968893691253e-01
6.631788725604566004e-01
6.660862350032833445e-01
6.678047322686722076e-01
6.676473478825113439e-01
6.668380765245328634e-01
6.665934694989861242e-01
6.682723030773894957e-01
6.661335542635981044e-01
7.891179519323602287e-01
6.671004232393258349e-01
6.669806661551198612e-01
6.705771837381959699e-01
6.705350162329355435e-01
